Datetime,Water Level (m)
2025-05-05 06:00:00,0.010854394
2025-05-05 07:00:00,0.015727734
2025-05-05 08:00:00,0.019816477
2025-05-05 09:00:00,0.021228839
2025-05-05 10:00:00,0.020403178
2025-05-05 11:00:00,0.017292771
2025-05-05 12:00:00,0.011338084
2025-05-05 13:00:00,0.005105978
2025-05-05 14:00:00,0.0013011908
2025-05-05 15:00:00,0.0013793933
2025-05-05 16:00:00,0.005166372
2025-05-05 17:00:00,0.0121193
2025-05-05 18:00:00,0.021698363
2025-05-05 19:00:00,0.032391265
2025-05-05 20:00:00,0.042160943
2025-05-05 21:00:00,0.04952679
2025-05-05 22:00:00,0.053565938
2025-05-05 23:00:00,0.054402925
2025-05-06 00:00:00,0.052469652
2025-05-06 01:00:00,0.04870444
2025-05-06 02:00:00,0.043569475
2025-05-06 03:00:00,0.03903512
2025-05-06 04:00:00,0.036929697
2025-05-06 05:00:00,0.038165666
2025-05-06 06:00:00,0.042555604
2025-05-06 07:00:00,0.04904656
2025-05-06 08:00:00,0.05617069
2025-05-06 09:00:00,0.062101603
2025-05-06 10:00:00,0.06545508
2025-05-06 11:00:00,0.06633359
2025-05-06 12:00:00,0.06366655
2025-05-06 13:00:00,0.058127426
2025-05-06 14:00:00,0.052246653
2025-05-06 15:00:00,0.046490893
2025-05-06 16:00:00,0.043866936
2025-05-06 17:00:00,0.047814216
2025-05-06 18:00:00,0.0551296
2025-05-06 19:00:00,0.064588234
2025-05-06 20:00:00,0.075354375
2025-05-06 21:00:00,0.0855957
2025-05-06 22:00:00,0.0934744
2025-05-06 23:00:00,0.09796754
2025-05-07 00:00:00,0.09845577
2025-05-07 01:00:00,0.0964878
2025-05-07 02:00:00,0.092170216
2025-05-07 03:00:00,0.08660429
2025-05-07 04:00:00,0.081767365
2025-05-07 05:00:00,0.079040825
2025-05-07 06:00:00,0.080106996
2025-05-07 07:00:00,0.08526895
2025-05-07 08:00:00,0.09260534
2025-05-07 09:00:00,0.09867653
2025-05-07 10:00:00,0.106515385
2025-05-07 11:00:00,0.10878805
2025-05-07 12:00:00,0.11035762
2025-05-07 13:00:00,0.10787985
2025-05-07 14:00:00,0.10338706
2025-05-07 15:00:00,0.099905424
2025-05-07 16:00:00,0.09986534
2025-05-07 17:00:00,0.098976284
2025-05-07 18:00:00,0.10165291
2025-05-07 19:00:00,0.10631234
2025-05-07 20:00:00,0.11335941
2025-05-07 21:00:00,0.12169393
2025-05-07 22:00:00,0.13095368
2025-05-07 23:00:00,0.13660163
2025-05-08 00:00:00,0.14082271
2025-05-08 01:00:00,0.1405975
2025-05-08 02:00:00,0.13743226
2025-05-08 03:00:00,0.13269414
2025-05-08 04:00:00,0.12855121
2025-05-08 05:00:00,0.12350795
2025-05-08 06:00:00,0.12097414
2025-05-08 07:00:00,0.12290766
2025-05-08 08:00:00,0.12841876
2025-05-08 09:00:00,0.13553104
2025-05-08 10:00:00,0.14496247
2025-05-08 11:00:00,0.15241536
2025-05-08 12:00:00,0.15718259
2025-05-08 13:00:00,0.15882277
2025-05-08 14:00:00,0.15738273
2025-05-08 15:00:00,0.15534778
2025-05-08 16:00:00,0.1554292
2025-05-08 17:00:00,0.15452738
2025-05-08 18:00:00,0.15431532
2025-05-08 19:00:00,0.15822998
2025-05-08 20:00:00,0.16601616
2025-05-08 21:00:00,0.17563084
2025-05-08 22:00:00,0.18654612
2025-05-08 23:00:00,0.19709857
2025-05-09 00:00:00,0.20461696
2025-05-09 01:00:00,0.20754829
2025-05-09 02:00:00,0.20741248
2025-05-09 03:00:00,0.20611337
2025-05-09 04:00:00,0.20429099
2025-05-09 05:00:00,0.20186715
2025-05-09 06:00:00,0.19880383
2025-05-09 07:00:00,0.19824202
2025-05-09 08:00:00,0.2014046
2025-05-09 09:00:00,0.20842622
2025-05-09 10:00:00,0.21656716
2025-05-09 11:00:00,0.22522257
2025-05-09 12:00:00,0.23116769
2025-05-09 13:00:00,0.23532967
2025-05-09 14:00:00,0.23705815
2025-05-09 15:00:00,0.23522913
2025-05-09 16:00:00,0.23349991
2025-05-09 17:00:00,0.23279576
2025-05-09 18:00:00,0.23329625
2025-05-09 19:00:00,0.23503642
2025-05-09 20:00:00,0.24049318
2025-05-09 21:00:00,0.25136578
2025-05-09 22:00:00,0.26266906
2025-05-09 23:00:00,0.27161482
2025-05-10 00:00:00,0.2794844
2025-05-10 01:00:00,0.2836221
2025-05-10 02:00:00,0.28266078
2025-05-10 03:00:00,0.28010163
2025-05-10 04:00:00,0.2768756
2025-05-10 05:00:00,0.27261803
2025-05-10 06:00:00,0.26871452
2025-05-10 07:00:00,0.26679352
2025-05-10 08:00:00,0.26861426
2025-05-10 09:00:00,0.2745112
2025-05-10 10:00:00,0.28288862
2025-05-10 11:00:00,0.2908614
2025-05-10 12:00:00,0.29852962
2025-05-10 13:00:00,0.30376709
2025-05-10 14:00:00,0.30625427
2025-05-10 15:00:00,0.30836287
2025-05-10 16:00:00,0.3103174
2025-05-10 17:00:00,0.3102538
2025-05-10 18:00:00,0.3093531
2025-05-10 19:00:00,0.3083625
2025-05-10 20:00:00,0.3098546
2025-05-10 21:00:00,0.31686163
2025-05-10 22:00:00,0.32836184
2025-05-10 23:00:00,0.3353875
2025-05-11 00:00:00,0.34204575
2025-05-11 01:00:00,0.34699744
2025-05-11 02:00:00,0.34927228
2025-05-11 03:00:00,0.35222298
2025-05-11 04:00:00,0.3535441
2025-05-11 05:00:00,0.35152158
2025-05-11 06:00:00,0.3472981
